-9.928356
-7.412016
-4.896775
-2.382632
0.130411
2.642356
5.153202
7.662949
10.171597
12.679146
15.185596
17.690948
20.195201
22.698354
25.200409
27.701365
30.201222
32.699980
35.197640
37.694200
40.189662
42.684025
45.177289
47.669454
50.160520
52.650487
55.139356
57.627125
60.113796
62.599368
65.083840
67.567215
70.049490
72.530666
75.010743
77.489722
79.967602
82.444383
84.920065
87.394648
89.868132
92.340517
94.811804
97.281991
99.751080
102.219070
104.685961
107.151753
109.616446
112.080041
114.542536
117.003933
119.464231
121.923429
124.381529
126.838531
129.294433
131.749236
134.202941
136.655547
139.107053
141.557461
144.006770
146.454981
148.902092
151.348104
153.793018
156.236833
158.679548
161.121165
163.561683
166.001103
168.439423
170.876645
173.312767
175.747791
178.181716
180.614542
183.046269
185.476897
187.906427
190.334857
192.762189
195.188421
197.613555
200.037590
202.460527
204.882364
207.303102
209.722742
212.141282
214.558724
216.975067
219.390311
221.804456
224.217503
226.629450
229.040299
231.450049
233.858699
236.266251
238.672704
241.078059
243.482314
245.885471
248.287528
250.688487
253.088347
255.487108
257.884770
260.281333
262.676798
265.071163
267.464430
269.856598
272.247666
274.637636
277.026508
279.414280
281.800953
284.186528
286.571004
288.954380
291.336658
293.717837
296.097918
298.476899
300.854781
303.231565
305.607250
307.981836
310.355322
312.727711
315.099000
317.469190
319.838282
322.206274
324.573168
326.938963
329.303659
331.667256
334.029754
336.391154
338.751454
341.110656
343.468759
345.825763
348.181668
350.536474
352.890181
355.242790
357.594299
359.944710
362.294022
364.642235
366.989349
369.335364
371.680280
374.024098
376.366816
378.708436
381.048957
383.388379
385.726702
388.063926
390.400051
392.735078
395.069006
397.401834
399.733564
402.064195
404.393727
406.722161
409.049495
411.375731
413.700867
416.024905
418.347844
420.669684
422.990425
425.310067
427.628611
429.946055
432.262401
434.577648
436.891796
439.204845
441.516795
443.827647
446.137399
448.446053
450.753607
453.060063
455.365420
457.669678
459.972837
462.274898
464.575859
466.875722
469.174486
471.472151
473.768717
476.064184
478.358552
480.651821
482.943992
485.235064
487.525036
489.813910
492.101685
494.388362
496.673939
498.958417
501.241797
503.524078
505.805259
508.085342
510.364326
512.642212
514.918998
517.194685
519.469274
521.742764
524.015155
526.286447
528.556640
530.825734
533.093729
535.360626
537.626423
539.891122
542.154722
544.417223
546.678625
548.938929
551.198133
553.456239
555.713245
557.969153
560.223962
562.477672
564.730283
566.981795
569.232209
571.481523
573.729739
575.976856
578.222874
580.467793
582.711613
584.954335
587.195957
589.436481
591.675905
593.914231
596.151458
598.387586
600.622616
602.856546
605.089378
607.321110
609.551744
611.781279
614.009715
616.237052
618.463290
620.688430
622.912470
625.135412
627.357255
629.577999
631.797644
634.016190
636.233637
638.449986
640.665235
642.879386
645.092438
647.304391
649.515245
651.725000
653.933656
656.141214
658.347672
660.553032
662.757293
664.960455
667.162518
669.363482
671.563348
673.762114
675.959782
678.156351
680.351821
682.546192
684.739464
686.931637
689.122711
691.312687
693.501564
695.689342
697.876020
700.061601
702.246082
704.429464
706.611747
708.792932
710.973018
713.152005
715.329893
717.506682
719.682372
721.856963
724.030456
726.202849
728.374144
730.544340
732.713437
734.881435
737.048334
739.214135
741.378836
743.542439
745.704943
747.866348
750.026654
752.185861
754.343969
756.500978
758.656889
760.811701
762.965413
765.118027
767.269542
769.419959
771.569276
773.717494
775.864614
778.010635
780.155557
782.299380
784.442104
786.583729
788.724255
790.863683
793.002011
795.139241
797.275372
799.410404
801.544337
803.677171
805.808907
807.939543
810.069081
812.197520
814.324860
816.451101
818.576243
820.700286
822.823230
824.945076
827.065823
829.185471
831.304019
833.421470
835.537821
837.653073
839.767227
841.880281
843.992237
846.103094
848.212852
850.321511
852.429071
854.535532
856.640895
858.745158
860.848323
862.950389
865.051356
867.151224
869.249993
871.347664
873.444235
875.539708
877.634082
879.727357
881.819533
883.910610
886.000588
888.089468
890.177248
892.263930
894.349513
896.433997
898.517382
900.599668
902.680855
904.760944
906.839933
908.917824
910.994616
913.070309
915.144903
917.218398
919.290795
921.362092
923.432291
925.501390
927.569391
929.636293
931.702097
933.766801
935.830406
937.892913
939.954320
942.014629
944.073839
946.131950
948.188962
950.244876
952.299690
954.353406
956.406022
958.457540
960.507959
962.557279
964.605500
966.652623
968.698646
970.743571
972.787396
974.830123
976.871751
978.912280
980.951711
982.990042
985.027274
987.063408
989.098443
991.132379
993.165216
995.196954
997.227593
999.257134
1001.285575
1003.312918
1005.339162
1007.364307
1009.388353
1011.411300
1013.433148
1015.453897
1017.473548
1019.492100
1021.509553
1023.525907
1025.541162
1027.555318
1029.568375
1031.580334
1033.591193
1035.600954
1037.609616
1039.617179
1041.623643
1043.629008
1045.633275
1047.636442
1049.638511
1051.639480
1053.639351
1055.638123
1057.635796
1059.632371
1061.627846
1063.622223
1065.615500
1067.607679
1069.598759
1071.588740
1073.577622
1075.565406
1077.552090
1079.537676
1081.522162
1083.505550
1085.487839
1087.469029
1089.449120
1091.428113
1093.406006
1095.382801
1097.358497
1099.333093
1101.306591
1103.278991
1105.250291
1107.220492
1109.189595
1111.157598
1113.124503
1115.090309
1117.055016
1119.018624
1120.981133
1122.942544
1124.902855
1126.862068
1128.820182
1130.777197
1132.733113
1134.687930
1136.641648
1138.594268
1140.545788
1142.496210
1144.445533
1146.393757
1148.340882
1150.286908
1152.231835
1154.175664
1156.118394
1158.060024
1160.000556
1161.939989
1163.878323
1165.815559
1167.751695
1169.686732
1171.620671
1173.553511
1175.485252
1177.415894
1179.345437
1181.273881
1183.201227
1185.127473
1187.052621
1188.976670
1190.899620
1192.821471
1194.742223
1196.661876
1198.580431
1200.497886
1202.414243
1204.329501
1206.243660
1208.156720
1210.068681
1211.979543
1213.889307
1215.797971
1217.705537
1219.612004
1221.517372
1223.421641
1225.324811
1227.226883
1229.127855
1231.027729
1232.926504
1234.824180
1236.720757
1238.616235
1240.510614
1242.403895
1244.296076
1246.187159
1248.077143
1249.966028
1251.853814
1253.740501
1255.626089
1257.510579
1259.393969
1261.276261
1263.157454
1265.037548
1266.916543
1268.794439
1270.671236
1272.546935
1274.421534
1276.295035
1278.167437
1280.038740
1281.908944
1283.778049
1285.646056
1287.512963
1289.378772
1291.243482
1293.107093
1294.969605
1296.831018
1298.691332
1300.550548
1302.408664
1304.265682
1306.121601
1307.976421
1309.830142
1311.682764
1313.534287
1315.384712
1317.234037
1319.082264
1320.929392
1322.775421
1324.620351
1326.464182
1328.306914
1330.148548
1331.989083
1333.828518
1335.666855
1337.504093
1339.340232
1341.175273
1343.009214
1344.842057
1346.673800
1348.504445
1350.333991
1352.162438
1353.989786
1355.816035
1357.641186
1359.465237
1361.288190
1363.110044
1364.930799
1366.750455
1368.569012
1370.386470
1372.202830
1374.018091
1375.832252
1377.645315
1379.457279
1381.268144
1383.077910
1384.886578
1386.694146
1388.500616
1390.305987
1392.110259
1393.913432
1395.715506
1397.516481
1399.316357
1401.115135
1402.912814
1404.709393
1406.504874
1408.299256
1410.092539
1411.884724
1413.675809
1415.465796
1417.254683
1419.042472
1420.829162
1422.614753
1424.399245
1426.182639
1427.964933
1429.746129
1431.526226
1433.305223
1435.083122
1436.859923
1438.635624
1440.410226
1442.183730
1443.956134
1445.727440
1447.497647
1449.266755
1451.034764
1452.801674
1454.567486
1456.332198
1458.095812
1459.858327
1461.619743
1463.380060
1465.139278
1466.897397
1468.654418
1470.410339
1472.165162
1473.918886
1475.671511
1477.423037
1479.173464
1480.922792
1482.671022
1484.418152
1486.164184
1487.909117
1489.652951
1491.395686
1493.137322
1494.877860
1496.617298
1498.355638
1500.092879
1501.829020
1503.564063
1505.298008
1507.030853
1508.762599
1510.493247
1512.222795
1513.951245
1515.678596
1517.404848
1519.130001
1520.854056
1522.577011
1524.298868
1526.019625
1527.739284
1529.457844
1531.175305
1532.891668
1534.606931
1536.321095
1538.034161
1539.746128
1541.456996
1543.166765
1544.875435
1546.583006
1548.289478
1549.994852
1551.699126
1553.402302
1555.104379
1556.805357
1558.505236
1560.204017
1561.901698
1563.598281
1565.293764
1566.988149
1568.681435
1570.373622
1572.064710
1573.754699
1575.443590
1577.131381
1578.818074
1580.503668
1582.188163
1583.871559
1585.553856
1587.235055
1588.915154
1590.594155
1592.272056
1593.948859
1595.624563
1597.299168
1598.972675
1600.645082
1602.316391
1603.986600
1605.655711
1607.323723
1608.990636
1610.656450
1612.321165
1613.984782
1615.647299
1617.308718
1618.969038
1620.628259
1622.286381
1623.943404
1625.599328
1627.254154
1628.907880
1630.560508
1632.212037
1633.862467
1635.511798
1637.160030
1638.807164
1640.453198
1642.098134
1643.741970
1645.384708
1647.026347
1648.666887
1650.306329
1651.944671
1653.581914
1655.218059
1656.853105
1658.487052
1660.119900
1661.751649
1663.382299
1665.011851
1666.640303
1668.267657
1669.893912
1671.519068
1673.143125
1674.766083
1676.387942
1678.008703
1679.628364
1681.246927
1682.864391
1684.480756
1686.096022
1687.710189
1689.323257
1690.935227
1692.546098
1694.155869
1695.764542
1697.372116
1698.978591
1700.583968
1702.188245
1703.791424
1705.393503
1706.994484
1708.594366
1710.193149
1711.790833
1713.387418
1714.982905
1716.577292
1718.170581
1719.762771
1721.353862
1722.943854
1724.532747
1726.120541
1727.707237
1729.292833
1730.877331
1732.460730
1734.043030
1735.624231
1737.204333
1738.783337
1740.361241
1741.938047
1743.513753
1745.088361
1746.661870
1748.234281
1749.805592
1751.375804
1752.944918
1754.512932
1756.079848
1757.645665
1759.210383
1760.774002
1762.336523
1763.897944
1765.458267
1767.017490
1768.575615
1770.132641
1771.688568
1773.243396
1774.797126
1776.349756
1777.901288
1779.451720
1781.001054
1782.549289
1784.096425
1785.642463
1787.187401
1788.731240
1790.273981
1791.815623
1793.356166
1794.895610
1796.433955
1797.971201
1799.507348
1801.042397
1802.576347
1804.109197
1805.640949
1807.171602
1808.701157
1810.229612
1811.756968
1813.283226
1814.808385
1816.332444
1817.855405
1819.377267
1820.898031
1822.417695
1823.936260
1825.453727
1826.970095
1828.485364
1829.999534
1831.512605
1833.024577
1834.535450
1836.045225
1837.553900
1839.061477
1840.567955
1842.073334
1843.577614
1845.080795
1846.582878
1848.083861
1849.583746
1851.082532
1852.580219
1854.076807
1855.572296
1857.066686
1858.559978
1860.052170
1861.543264
1863.033259
1864.522155
1866.009952
1867.496650
1868.982249
1870.466750
1871.950151
1873.432454
1874.913658
1876.393763
1877.872769
1879.350676
1880.827485
1882.303194
1883.777805
1885.251317
1886.723730
1888.195044
1889.665259
1891.134375
1892.602392
1894.069311
1895.535131
1896.999851
1898.463473
1899.925996
1901.387421
1902.847746
1904.306972
1905.765100
1907.222129
1908.678058
1910.132889
1911.586621
1913.039255
1914.490789
1915.941224
1917.390561
1918.838799
1920.285938
1921.731978
1923.176919
1924.620761
1926.063504
1927.505149
1928.945695
1930.385141
1931.823489
1933.260738
1934.696888
1936.131940
1937.565892
1938.998746
1940.430500
1941.861156
1943.290713
1944.719171
1946.146530
1947.572791
1948.997952
1950.422015
1951.844978
1953.266843
1954.687609
1956.107276
1957.525844
1958.943314
1960.359684
1961.774956
1963.189129
1964.602202
1966.014177
1967.425054
1968.834831
1970.243509
1971.651089
1973.057569
1974.462951
1975.867234
1977.270418
1978.672503
1980.073489
1981.473377
1982.872165
1984.269855
1985.666446
1987.061938
1988.456331
1989.849625
1991.241820
1992.632917
1994.022914
1995.411813
1996.799613
1998.186314
1999.571916
2000.956419
2002.339824
2003.722129
2005.103336
2006.483443
2007.862452
2009.240362
2010.617173
2011.992886
2013.367499
2014.741014
2016.113429
2017.484746
